0 -10 -8 -20 1 
1 -10 -8 -19 1 
2 -10 -7 -18 1 
3 -10 -7 -17 1 
4 -10 -7 -16 1 
5 -10 -6 -15 1 
6 -10 -6 -14 1 
7 -10 -6 -13 1 
8 -10 -5 -12 1 
9 -10 -5 -11 1 
10 -10 -5 -10 1 
11 -10 -6 -9 1 
12 -10 -6 -8 1 
13 -10 -6 -7 1 
14 -10 -6 -6 1 
15 -10 -7 -5 1 
16 -10 -7 -4 1 
17 -10 -8 -3 1 
18 -10 -9 -2 1 
19 -10 -9 -1 1 
20 -10 -10 0 1 
21 -9 -8 -20 1 
22 -9 -7 -19 1 
23 -9 -7 -18 1 
24 -9 -6 -17 1 
25 -9 -6 -16 1 
26 -9 -5 -15 1 
27 -9 -5 -14 1 
28 -9 -5 -13 1 
29 -9 -5 -12 1 
30 -9 -5 -11 1 
31 -9 -5 -10 1 
32 -9 -5 -9 1 
33 -9 -5 -8 1 
34 -9 -5 -7 1 
35 -9 -6 -6 1 
36 -9 -6 -5 1 
37 -9 -7 -4 1 
38 -9 -7 -3 1 
39 -9 -8 -2 1 
40 -9 -9 -1 1 
41 -9 -9 0 1 
42 -8 -7 -20 1 
43 -8 -7 -19 1 
44 -8 -6 -18 1 
45 -8 -6 -17 1 
46 -8 -5 -16 1 
47 -8 -5 -15 1 
48 -8 -4 -14 1 
49 -8 -4 -13 1 
50 -8 -4 -12 1 
51 -8 -4 -11 1 
52 -8 -4 -10 1 
53 -8 -4 -9 1 
54 -8 -4 -8 1 
55 -8 -4 -7 1 
56 -8 -5 -6 1 
57 -8 -5 -5 1 
58 -8 -6 -4 1 
59 -8 -7 -3 1 
60 -8 -7 -2 1 
61 -8 -8 -1 1 
62 -8 -9 0 1 
63 -7 -7 -20 1 
64 -7 -6 -19 1 
65 -7 -6 -18 1 
66 -7 -5 -17 1 
67 -7 -5 -16 1 
68 -7 -4 -15 1 
69 -7 -4 -14 1 
70 -7 -3 -13 1 
71 -7 -3 -12 1 
72 -7 -3 -11 1 
73 -7 -3 -10 1 
74 -7 -3 -9 1 
75 -7 -3 -8 1 
76 -7 -4 -7 1 
77 -7 -4 -6 1 
78 -7 -5 -5 1 
79 -7 -5 -4 1 
80 -7 -6 -3 1 
81 -7 -7 -2 1 
82 -7 -8 -1 1 
83 -7 -8 0 1 
84 -6 -7 -20 1 
85 -6 -6 -19 1 
86 -6 -5 -18 1 
87 -6 -5 -17 1 
88 -6 -4 -16 1 
89 -6 -3 -15 1 
90 -6 -3 -14 1 
91 -6 -2 -13 1 
92 -6 -2 -12 1 
93 -6 -2 -11 1 
94 -6 -2 -10 1 
95 -6 -2 -9 1 
96 -6 -2 -8 1 
97 -6 -3 -7 1 
98 -6 -3 -6 1 
99 -6 -4 -5 1 
100 -6 -5 -4 1 
101 -6 -6 -3 1 
102 -6 -6 -2 1 
103 -6 -7 -1 1 
104 -6 -8 0 1 
105 -5 -6 -20 1 
106 -5 -5 -19 1 
107 -5 -5 -18 1 
108 -5 -4 -17 1 
109 -5 -3 -16 1 
110 -5 -3 -15 1 
111 -5 -2 -14 1 
112 -5 -2 -13 1 
113 -5 -1 -12 1 
114 -5 -1 -11 1 
115 -5 -1 -10 1 
116 -5 -1 -9 1 
117 -5 -2 -8 1 
118 -5 -2 -7 1 
119 -5 -3 -6 1 
120 -5 -3 -5 1 
121 -5 -4 -4 1 
122 -5 -5 -3 1 
123 -5 -6 -2 1 
124 -5 -7 -1 1 
125 -5 -8 0 1 
126 -4 -6 -20 1 
127 -4 -5 -19 1 
128 -4 -4 -18 1 
129 -4 -4 -17 1 
130 -4 -3 -16 1 
131 -4 -2 -15 1 
132 -4 -1 -14 1 
133 -4 -1 -13 1 
134 -4 0 -12 1 
135 -4 0 -11 1 
136 -4 0 -10 1 
137 -4 0 -9 1 
138 -4 -1 -8 1 
139 -4 -1 -7 1 
140 -4 -2 -6 1 
141 -4 -3 -5 1 
142 -4 -4 -4 1 
143 -4 -5 -3 1 
144 -4 -5 -2 1 
145 -4 -6 -1 1 
146 -4 -7 0 1 
147 -3 -6 -20 1 
148 -3 -5 -19 1 
149 -3 -4 -18 1 
150 -3 -3 -17 1 
151 -3 -2 -16 1 
152 -3 -2 -15 1 
153 -3 -1 -14 1 
154 -3 0 -13 1 
155 -3 0 -12 1 
156 -3 0 -11 1 
157 -3 0 -10 1 
158 -3 0 -9 1 
159 -3 0 -8 1 
160 -3 -1 -7 1 
161 -3 -2 -6 1 
162 -3 -2 -5 1 
163 -3 -3 -4 1 
164 -3 -4 -3 1 
165 -3 -5 -2 1 
166 -3 -6 -1 1 
167 -3 -7 0 1 
168 -2 -6 -20 1 
169 -2 -5 -19 1 
170 -2 -4 -18 1 
171 -2 -3 -17 1 
172 -2 -2 -16 1 
173 -2 -1 -15 1 
174 -2 0 -14 1 
175 -2 0 -13 1 
176 -2 0 -12 1 
177 -2 0 -11 1 
178 -2 1 -10 1 
179 -2 0 -9 1 
180 -2 0 -8 1 
181 -2 0 -7 1 
182 -2 -1 -6 1 
183 -2 -2 -5 1 
184 -2 -3 -4 1 
185 -2 -4 -3 1 
186 -2 -5 -2 1 
187 -2 -6 -1 1 
188 -2 -7 0 1 
189 -1 -6 -20 1 
190 -1 -5 -19 1 
191 -1 -4 -18 1 
192 -1 -3 -17 1 
193 -1 -2 -16 1 
194 -1 -1 -15 1 
195 -1 0 -14 1 
196 -1 0 -13 1 
197 -1 1 -12 1 
198 -1 1 -11 1 
199 -1 1 -10 1 
200 -1 1 -9 1 
201 -1 0 -8 1 
202 -1 0 -7 1 
203 -1 -1 -6 1 
204 -1 -2 -5 1 
205 -1 -3 -4 1 
206 -1 -4 -3 1 
207 -1 -5 -2 1 
208 -1 -6 -1 1 
209 -1 -7 0 1 
210 0 -6 -20 1 
211 0 -5 -19 1 
212 0 -4 -18 1 
213 0 -3 -17 1 
214 0 -2 -16 1 
215 0 -1 -15 1 
216 0 0 -14 1 
217 0 0 -13 1 
218 0 1 -12 1 
219 0 2 -11 1 
220 0 2 -10 1 
221 0 1 -9 1 
222 0 0 -8 1 
223 0 0 -7 1 
224 0 -1 -6 1 
225 0 -2 -5 1 
226 0 -3 -4 1 
227 0 -4 -3 1 
228 0 -5 -2 1 
229 0 -6 -1 1 
230 0 -7 0 1 
231 1 -6 -20 1 
232 1 -5 -19 1 
233 1 -4 -18 1 
234 1 -3 -17 1 
235 1 -2 -16 1 
236 1 -1 -15 1 
237 1 0 -14 1 
238 1 0 -13 1 
239 1 1 -12 1 
240 1 1 -11 1 
241 1 1 -10 1 
242 1 1 -9 1 
243 1 0 -8 1 
244 1 0 -7 1 
245 1 -1 -6 1 
246 1 -2 -5 1 
247 1 -3 -4 1 
248 1 -4 -3 1 
249 1 -5 -2 1 
250 1 -6 -1 1 
251 1 -7 0 1 
252 2 -6 -20 1 
253 2 -5 -19 1 
254 2 -4 -18 1 
255 2 -3 -17 1 
256 2 -2 -16 1 
257 2 -1 -15 1 
258 2 0 -14 1 
259 2 0 -13 1 
260 2 0 -12 1 
261 2 0 -11 1 
262 2 1 -10 1 
263 2 0 -9 1 
264 2 0 -8 1 
265 2 0 -7 1 
266 2 -1 -6 1 
267 2 -2 -5 1 
268 2 -3 -4 1 
269 2 -4 -3 1 
270 2 -5 -2 1 
271 2 -6 -1 1 
272 2 -7 0 1 
273 3 -6 -20 1 
274 3 -5 -19 1 
275 3 -4 -18 1 
276 3 -3 -17 1 
277 3 -2 -16 1 
278 3 -2 -15 1 
279 3 -1 -14 1 
280 3 0 -13 1 
281 3 0 -12 1 
282 3 0 -11 1 
283 3 0 -10 1 
284 3 0 -9 1 
285 3 0 -8 1 
286 3 -1 -7 1 
287 3 -2 -6 1 
288 3 -2 -5 1 
289 3 -3 -4 1 
290 3 -4 -3 1 
291 3 -5 -2 1 
292 3 -6 -1 1 
293 3 -7 0 1 
294 4 -6 -20 1 
295 4 -5 -19 1 
296 4 -4 -18 1 
297 4 -4 -17 1 
298 4 -3 -16 1 
299 4 -2 -15 1 
300 4 -1 -14 1 
301 4 -1 -13 1 
302 4 0 -12 1 
303 4 0 -11 1 
304 4 0 -10 1 
305 4 0 -9 1 
306 4 -1 -8 1 
307 4 -1 -7 1 
308 4 -2 -6 1 
309 4 -3 -5 1 
310 4 -4 -4 1 
311 4 -5 -3 1 
312 4 -5 -2 1 
313 4 -6 -1 1 
314 4 -7 0 1 
315 5 -6 -20 1 
316 5 -5 -19 1 
317 5 -5 -18 1 
318 5 -4 -17 1 
319 5 -3 -16 1 
320 5 -3 -15 1 
321 5 -2 -14 1 
322 5 -2 -13 1 
323 5 -1 -12 1 
324 5 -1 -11 1 
325 5 -1 -10 1 
326 5 -1 -9 1 
327 5 -2 -8 1 
328 5 -2 -7 1 
329 5 -3 -6 1 
330 5 -3 -5 1 
331 5 -4 -4 1 
332 5 -5 -3 1 
333 5 -6 -2 1 
334 5 -7 -1 1 
335 5 -8 0 1 
336 6 -7 -20 1 
337 6 -6 -19 1 
338 6 -5 -18 1 
339 6 -5 -17 1 
340 6 -4 -16 1 
341 6 -3 -15 1 
342 6 -3 -14 1 
343 6 -2 -13 1 
344 6 -2 -12 1 
345 6 -2 -11 1 
346 6 -2 -10 1 
347 6 -2 -9 1 
348 6 -2 -8 1 
349 6 -3 -7 1 
350 6 -3 -6 1 
351 6 -4 -5 1 
352 6 -5 -4 1 
353 6 -6 -3 1 
354 6 -6 -2 1 
355 6 -7 -1 1 
356 6 -8 0 1 
357 7 -7 -20 1 
358 7 -6 -19 1 
359 7 -6 -18 1 
360 7 -5 -17 1 
361 7 -5 -16 1 
362 7 -4 -15 1 
363 7 -4 -14 1 
364 7 -3 -13 1 
365 7 -3 -12 1 
366 7 -3 -11 1 
367 7 -3 -10 1 
368 7 -3 -9 1 
369 7 -3 -8 1 
370 7 -4 -7 1 
371 7 -4 -6 1 
372 7 -5 -5 1 
373 7 -5 -4 1 
374 7 -6 -3 1 
375 7 -7 -2 1 
376 7 -8 -1 1 
377 7 -8 0 1 
378 8 -7 -20 1 
379 8 -7 -19 1 
380 8 -6 -18 1 
381 8 -6 -17 1 
382 8 -5 -16 1 
383 8 -5 -15 1 
384 8 -4 -14 1 
385 8 -4 -13 1 
386 8 -4 -12 1 
387 8 -4 -11 1 
388 8 -4 -10 1 
389 8 -4 -9 1 
390 8 -4 -8 1 
391 8 -4 -7 1 
392 8 -5 -6 1 
393 8 -5 -5 1 
394 8 -6 -4 1 
395 8 -7 -3 1 
396 8 -7 -2 1 
397 8 -8 -1 1 
398 8 -9 0 1 
399 9 -8 -20 1 
400 9 -7 -19 1 
401 9 -7 -18 1 
402 9 -6 -17 1 
403 9 -6 -16 1 
404 9 -5 -15 1 
405 9 -5 -14 1 
406 9 -5 -13 1 
407 9 -5 -12 1 
408 9 -5 -11 1 
409 9 -5 -10 1 
410 9 -5 -9 1 
411 9 -5 -8 1 
412 9 -5 -7 1 
413 9 -6 -6 1 
414 9 -6 -5 1 
415 9 -7 -4 1 
416 9 -7 -3 1 
417 9 -8 -2 1 
418 9 -9 -1 1 
419 9 -9 0 1 
420 10 -8 -20 1 
421 10 -8 -19 1 
422 10 -7 -18 1 
423 10 -7 -17 1 
424 10 -7 -16 1 
425 10 -6 -15 1 
426 10 -6 -14 1 
427 10 -6 -13 1 
428 10 -5 -12 1 
429 10 -5 -11 1 
430 10 -5 -10 1 
431 10 -6 -9 1 
432 10 -6 -8 1 
433 10 -6 -7 1 
434 10 -6 -6 1 
435 10 -7 -5 1 
436 10 -7 -4 1 
437 10 -8 -3 1 
438 10 -9 -2 1 
439 10 -9 -1 1 
440 10 -10 0 1 
0 1 1 1
-1138290072 1 1 1
