0 0 0 0 6 
1 -1 0 0 3 
2 1 0 0 6 
3 -2 0 0 4 
4 -3 0 0 6 
5 -3 0 1 6 
6 -3 0 2 6 
7 -3 0 3 6 
8 -3 0 4 6 
9 -2 0 4 4 
10 -2 0 3 4 
11 -2 0 2 4 
12 -2 0 1 4 
13 -1 0 1 3 
14 -1 0 2 3 
15 -1 0 3 3 
16 -1 0 4 3 
17 0 0 4 6 
18 0 0 3 6 
19 1 0 1 6 
20 0 0 1 6 
21 1 0 2 6 
22 0 0 2 6 
23 1 0 3 6 
24 1 0 4 6 
25 1 1 0 1 
26 1 2 0 1 
27 1 3 0 6 
28 1 3 1 6 
29 0 3 1 6 
30 0 3 0 6 
31 2 3 0 6 
32 2 3 1 6 
33 2 0 0 6 
34 2 0 1 6 
35 2 0 2 6 
36 2 0 3 6 
37 2 0 4 6 
38 3 0 4 5 
39 4 0 4 5 
40 4 0 3 5 
41 3 0 3 5 
42 3 0 2 5 
43 4 0 2 5 
44 4 0 1 5 
45 3 0 1 5 
46 3 0 0 5 
47 4 0 0 5 
48 5 0 0 2 
49 5 1 0 2 
50 5 0 1 2 
51 5 1 1 2 
52 5 0 2 2 
53 5 1 2 2 
54 5 0 3 2 
55 5 1 3 2 
56 5 2 3 2 
57 5 0 4 2 
58 5 1 4 2 
59 5 0 5 2 
60 5 1 5 2 
61 4 0 5 5 
62 3 0 5 5 
63 2 0 5 6 
64 1 0 5 6 
65 0 0 5 6 
66 -1 0 5 3 
67 -2 0 5 4 
68 -3 0 5 6 
69 -3 0 6 6 
70 -2 0 6 4 
71 -1 0 6 3 
72 0 0 6 6 
73 1 0 6 6 
74 2 0 6 6 
75 3 0 6 5 
76 4 0 6 5 
77 5 0 6 2 
78 5 1 6 2 
79 5 0 7 2 
80 4 0 7 5 
81 3 0 7 5 
82 2 0 7 6 
83 1 0 7 6 
84 0 0 7 6 
85 -1 0 7 3 
86 -2 0 7 4 
87 -3 0 7 6 
88 -3 0 8 6 
89 -2 0 8 4 
90 -1 0 8 3 
91 0 0 8 6 
92 1 0 8 6 
93 2 0 8 6 
94 3 0 8 5 
95 4 0 8 5 
96 5 0 8 2 
97 5 1 8 2 
98 5 1 7 2 
99 5 2 7 2 
100 5 0 9 2 
101 5 1 9 2 
102 4 0 9 5 
103 3 0 9 5 
104 2 0 9 6 
105 1 0 9 6 
106 0 0 9 6 
107 -1 0 9 3 
108 -2 0 9 4 
109 -3 0 9 6 
0 1 0 10 2
1 11 111 11 2
