0 0 0 0 12 
1 1 1 0 11 
2 -1 1 0 11 
3 0 -1 0 13 
4 1 0 -1 10 
5 1 1 -1 10 
6 1 2 -1 10 
7 1 3 -1 10 
8 1 -2 -1 10 
9 1 -1 -1 10 
10 -3 0 0 10 
11 -3 1 0 10 
12 -1 -2 0 10 
13 -2 -1 0 10 
14 -2 2 0 10 
15 -1 3 0 10 
16 0 -2 -1 10 
17 0 -1 -1 10 
18 0 0 -1 10 
19 0 1 -1 10 
20 0 2 -1 10 
21 0 3 -1 10 
22 -1 -2 -1 10 
23 -1 -1 -1 10 
24 -1 0 -1 10 
25 -1 1 -1 10 
26 -1 2 -1 10 
27 -1 3 -1 10 
28 -2 -1 -1 10 
29 -2 0 -1 10 
30 -2 1 -1 10 
31 -2 2 -1 10 
32 -3 0 -1 10 
33 -3 1 -1 10 
34 0 3 0 10 
35 1 3 0 10 
36 3 0 0 10 
37 3 1 0 10 
38 3 0 -1 10 
39 3 1 -1 10 
40 2 -1 -1 10 
41 2 0 -1 10 
42 2 1 -1 10 
43 2 2 -1 10 
44 2 -1 0 10 
45 2 2 0 10 
46 0 -2 0 10 
47 1 -2 0 10 
0 1 1 1 2
0 1 1 1 2
